
        2   3   4   5   6   7   8   9  10  11  12  13  14  15  16  17  18  19  20  21  22  23  24  25  26  27  28  29  30
1-5   335  88  16   1   .
1-4   402 132  31   4   .
1-3   482 198  62  12   1
1-2   579 296 125  37   5
1-1   694 444 250 111  28
1x0   833 667 500 333 167
1+1   972 889 750 556 306
1+2   995 963 875 704 421
1+3   999 988 938 802 518
1+4   --- 996 969 868 598
1+5   --- 999 984 912 665

        2   3   4   5   6   7   8   9  10  11  12  13  14  15  16  17  18  19  20  21  22  23  24  25  26  27  28  29  30
2-6       605 311 127  50  15   5   1   .   .   .
2-5       670 382 179  78  28   9   2   .   .   .
2-4       737 467 251 123  51  20   6   2   .   .
2-3       804 566 348 194  94  42  15   5   1   .
2-2       868 680 478 306 174  90  40  15   4   1
2-1       926 801 644 477 319 194 106  51  19   5
2x0       972 917 833 722 583 417 278 167  83  28
2+1       995 981 949 894 806 681 523 356 199  74
2+2       999 996 985 960 910 826 694 522 320 132
2+3       --- 999 995 985 958 906 806 652 434 196
2+4       --- --- 998 994 980 949 877 749 533 263
2+5       --- --- --- 998 991 972 922 821 618 330
2+6       --- --- --- 999 995 985 950 873 689 395

        2   3   4   5   6   7   8   9  10  11  12  13  14  15  16  17  18  19  20  21  22  23  24  25  26  27  28  29  30

3-9           677 413 201  89  37  13   4   1   .   .   .   .   .   .   .
3-8           727 470 249 121  54  21   7   3   1   .   .   .   .   .   .
3-7           775 533 307 163  79  34  13   5   2   .   .   .   .   .   .
3-6           822 601 377 218 115  55  24  10   3   1   .   .   .   .   .
3-5           865 673 459 289 166  87  42  19   7   3   1   .   .   .   .
3-4           904 747 553 379 239 139  74  37  16   6   2   1   .   .   .
3-3           938 819 657 491 339 218 130  72  36  16   7   2   1   .   .
3-2           965 886 766 623 474 339 225 140  79  41  20   8   3   1   .
3-1           984 942 870 769 645 512 383 269 175 105  57  28  12   4   1
3-0           981 954 907 838 741 625 500 375 259 162  93  46  19  10   5 
3x0           995 981 954 907 838 741 625 500 375 259 162  93  46  19   5
3+0           995 990 981 954 907 838 741 625 500 375 259 162  93  46  19
3+1           999 996 988 972 943 895 825 731 617 488 355 231 130  58  16
3+2           --- 999 997 992 980 959 921 860 775 661 526 377 234 114  35
3+3           --- --- 999 998 993 984 964 928 870 782 661 509 343 181  62
3+4           --- --- --- 999 998 994 984 963 926 861 761 621 447 253  96
3+5           --- --- --- --- 999 997 993 981 958 913 834 711 541 327 135
3+6           --- --- --- --- --- 999 997 990 976 945 885 782 623 399 178
3+7           --- --- --- --- --- --- 998 995 987 966 921 837 693 467 225
3+8           --- --- --- --- --- --- 999 997 993 979 946 879 751 530 273
3+9           --- --- --- --- --- --- --- 999 996 987 963 911 799 587 323

        2   3   4   5   6   7   8   9  10  11  12  13  14  15  16  17  18  19  20  21  22  23  24  25  26  27  28  29  30

4-10              806 599 375 209 111  55  24  10   4   1   .   .   .   .   .   .   .   .   .   .
4-9               842 651 432 258 146  76  36  16   7   3   1   .   .   .   .   .   .   .   .   .
4-8               875 704 495 316 190 105  53  25  11   5   2   1   .   .   .   .   .   .   .   .
4-7               904 757 563 384 245 145  79  41  20   9   4   1   .   .   .   .   .   .   .   .
4-6               930 808 635 462 315 199 117  65  34  16   7   3   1   .   .   .   .   .   .   .
4-5               952 856 710 549 399 271 172 103  58  30  15   7   3   1   .   .   .   .   .   .
4-4               969 899 783 643 498 363 249 161  98  56  30  15   7   3   1   .   .   .   .   .
4-3               982 936 853 740 611 478 354 249 165 103  61  33  17   8   3   1   .   .   .   .
4-2               991 965 913 834 732 614 492 376 273 187 121  74  42  22  11   5   2   1   .   .
4-1               997 985 959 915 849 763 661 550 437 331 238 161 102  61  33  16   7   3   1   .
4x0               999 996 988 973 946 903 841 761 664 556 444 336 239 159  97  54  27  12   4   1
4+1               --- 999 997 993 984 967 939 898 839 762 669 563 450 339 237 151  85  41  15   3
4+2               --- --- 999 998 995 989 978 958 926 879 813 727 624 508 386 268 166  87  35   9
4+3               --- --- --- --- 999 997 992 983 967 939 897 835 751 646 522 389 260 147  64  18
4+4               --- --- --- --- --- 999 997 993 985 970 944 902 839 751 637 502 357 217 101  31
4+5               --- --- --- --- --- --- 999 997 993 985 970 942 897 828 729 601 451 290 144  48
4+6               --- --- --- --- --- --- --- 999 997 993 984 966 935 883 801 685 538 365 192  70
4+7               --- --- --- --- --- --- --- --- 999 996 991 980 959 921 855 755 616 437 243  96
4+8               --- --- --- --- --- --- --- --- 999 998 995 989 975 947 895 810 684 505 296 125
4+9               --- --- --- --- --- --- --- --- --- 999 997 993 984 964 924 854 742 568 349 158
4+10              --- --- --- --- --- --- --- --- --- --- 999 996 990 976 945 889 791 625 401 194


/------------- Combine


        2   3   4   5   6   7   8   9  10  11  12  13  14  15  16  17  18  19  20  21  22  23  24  25  26  27  28  29  30
1-5   335  88  16   1   .
1-4   402 132  31   4   .
1-3   482 198  62  12   1
1-2   579 296 125  37   5
1-1   694 444 250 111  28
2-6       605 311 127  50  15   5   1   .   .   .
2-5       670 382 179  78  28   9   2   .   .   .
2-4       737 467 251 123  51  20   6   2   .   .
1x0   833 667 500 333 167
2-3       804 566 348 194  94  42  15   5   1   .
2-2       868 680 478 306 174  90  40  15   4   1
3-9           677 413 201  89  37  13   4   1   .   .   .   .   .   .   .
3-8           727 470 249 121  54  21   7   3   1   .   .   .   .   .   .
1+1   972 889 750 556 306
3-7           775 533 307 163  79  34  13   5   2   .   .   .   .   .   .
3-6           822 601 377 218 115  55  24  10   3   1   .   .   .   .   .
2-1       926 801 644 477 319 194 106  51  19   5
3-5           865 673 459 289 166  87  42  19   7   3   1   .   .   .   .
1+2   995 963 875 704 421
1+3   999 988 938 802 518
3-4           904 747 553 379 239 139  74  37  16   6   2   1   .   .   .
4-10              806 599 375 209 111  55  24  10   4   1   .   .   .   .   .   .   .   .   .   .
4-9               842 651 432 258 146  76  36  16   7   3   1   .   .   .   .   .   .   .   .   .
3-3           938 819 657 491 339 218 130  72  36  16   7   2   1   .   .
4-8               875 704 495 316 190 105  53  25  11   5   2   1   .   .   .   .   .   .   .   .
4-7               904 757 563 384 245 145  79  41  20   9   4   1   .   .   .   .   .   .   .   .
2x0       972 917 833 722 583 417 278 167  83  28
3-2           965 886 766 623 474 339 225 140  79  41  20   8   3   1   .
4-6               930 808 635 462 315 199 117  65  34  16   7   3   1   .   .   .   .   .   .   .
4-5               952 856 710 549 399 271 172 103  58  30  15   7   3   1   .   .   .   .   .   .
2+1       995 981 949 894 806 681 523 356 199  74
4-4               969 899 783 643 498 363 249 161  98  56  30  15   7   3   1   .   .   .   .   .
3-1           984 942 870 769 645 512 383 269 175 105  57  28  12   4   1
1+4   --- 996 969 868 598
1+5   --- 999 984 912 665
2+2       999 996 985 960 910 826 694 522 320 132
3-0           981 954 907 838 741 625 500 375 259 162  93  46  19  10   5 
4-3               982 936 853 740 611 478 354 249 165 103  61  33  17   8   3   1   .   .   .   .
4-2               991 965 913 834 732 614 492 376 273 187 121  74  42  22  11   5   2   1   .   .
3x0           995 981 954 907 838 741 625 500 375 259 162  93  46  19   5
2+3       --- 999 995 985 958 906 806 652 434 196
2+4       --- --- 998 994 980 949 877 749 533 263
2+5       --- --- --- 998 991 972 922 821 618 330
3+0           995 990 981 954 907 838 741 625 500 375 259 162  93  46  19
4-1               997 985 959 915 849 763 661 550 437 331 238 161 102  61  33  16   7   3   1   .
2+6       --- --- --- 999 995 985 950 873 689 395
3+1           999 996 988 972 943 895 825 731 617 488 355 231 130  58  16
3+2           --- 999 997 992 980 959 921 860 775 661 526 377 234 114  35
4x0               999 996 988 973 946 903 841 761 664 556 444 336 239 159  97  54  27  12   4   1
3+3           --- --- 999 998 993 984 964 928 870 782 661 509 343 181  62
3+4           --- --- --- 999 998 994 984 963 926 861 761 621 447 253  96
3+5           --- --- --- --- 999 997 993 981 958 913 834 711 541 327 135
4+1               --- 999 997 993 984 967 939 898 839 762 669 563 450 339 237 151  85  41  15   3
3+6           --- --- --- --- --- 999 997 990 976 945 885 782 623 399 178
3+7           --- --- --- --- --- --- 998 995 987 966 921 837 693 467 225
4+2               --- --- 999 998 995 989 978 958 926 879 813 727 624 508 386 268 166  87  35   9
3+8           --- --- --- --- --- --- 999 997 993 979 946 879 751 530 273
3+9           --- --- --- --- --- --- --- 999 996 987 963 911 799 587 323
4+3               --- --- --- --- 999 997 992 983 967 939 897 835 751 646 522 389 260 147  64  18
4+4               --- --- --- --- --- 999 997 993 985 970 944 902 839 751 637 502 357 217 101  31
4+5               --- --- --- --- --- --- 999 997 993 985 970 942 897 828 729 601 451 290 144  48
4+6               --- --- --- --- --- --- --- 999 997 993 984 966 935 883 801 685 538 365 192  70
4+7               --- --- --- --- --- --- --- --- 999 996 991 980 959 921 855 755 616 437 243  96
4+8               --- --- --- --- --- --- --- --- 999 998 995 989 975 947 895 810 684 505 296 125
4+9               --- --- --- --- --- --- --- --- --- 999 997 993 984 964 924 854 742 568 349 158
4+10              --- --- --- --- --- --- --- --- --- --- 999 996 990 976 945 889 791 625 401 194

/---------------- Reduit

        2   3   4   5   6   7   8   9  10  11  12  13  14  15  16  17  18  19  20  21  22  23  24  25  26  27  28  29  30
1-5   335  88  16   1   .
1-4   402 132  31   4   .
1-3   482 198  62  12   1
1-2   579 296 125  37   5
1-1   694 444 250 111  28
1x0   833 667 500 333 167
2-3       804 566 348 194  94  42  15   5   1   .
2-2       868 680 478 306 174  90  40  15   4   1
2-1       926 801 644 477 319 194 106  51  19   5
3-4           904 747 553 379 239 139  74  37  16   6   2   1   .   .   .
3-3           938 819 657 491 339 218 130  72  36  16   7   2   1   .   .
2x0       972 917 833 722 583 417 278 167  83  28
3-2           965 886 766 623 474 339 225 140  79  41  20   8   3   1   .
2+1       995 981 949 894 806 681 523 356 199  74
3-1           984 942 870 769 645 512 383 269 175 105  57  28  12   4   1
2+2       999 996 985 960 910 826 694 522 320 132
3-0           981 954 907 838 741 625 500 375 259 162  93  46  19  10   5 
4-3               982 936 853 740 611 478 354 249 165 103  61  33  17   8   3   1   .   .   .   .
4-2               991 965 913 834 732 614 492 376 273 187 121  74  42  22  11   5   2   1   .   .
3x0           995 981 954 907 838 741 625 500 375 259 162  93  46  19   5
2+3       --- 999 995 985 958 906 806 652 434 196
2+4       --- --- 998 994 980 949 877 749 533 263
2+5       --- --- --- 998 991 972 922 821 618 330
3+0           995 990 981 954 907 838 741 625 500 375 259 162  93  46  19
4-1               997 985 959 915 849 763 661 550 437 331 238 161 102  61  33  16   7   3   1   .
2+6       --- --- --- 999 995 985 950 873 689 395
3+1           999 996 988 972 943 895 825 731 617 488 355 231 130  58  16
3+2           --- 999 997 992 980 959 921 860 775 661 526 377 234 114  35
4x0               999 996 988 973 946 903 841 761 664 556 444 336 239 159  97  54  27  12   4   1
3+3           --- --- 999 998 993 984 964 928 870 782 661 509 343 181  62
3+4           --- --- --- 999 998 994 984 963 926 861 761 621 447 253  96
3+5           --- --- --- --- 999 997 993 981 958 913 834 711 541 327 135
4+1               --- 999 997 993 984 967 939 898 839 762 669 563 450 339 237 151  85  41  15   3
3+6           --- --- --- --- --- 999 997 990 976 945 885 782 623 399 178
3+7           --- --- --- --- --- --- 998 995 987 966 921 837 693 467 225
4+2               --- --- 999 998 995 989 978 958 926 879 813 727 624 508 386 268 166  87  35   9
3+8           --- --- --- --- --- --- 999 997 993 979 946 879 751 530 273
3+9           --- --- --- --- --- --- --- 999 996 987 963 911 799 587 323
4+3               --- --- --- --- 999 997 992 983 967 939 897 835 751 646 522 389 260 147  64  18
4+4               --- --- --- --- --- 999 997 993 985 970 944 902 839 751 637 502 357 217 101  31
4+5               --- --- --- --- --- --- 999 997 993 985 970 942 897 828 729 601 451 290 144  48
4+6               --- --- --- --- --- --- --- 999 997 993 984 966 935 883 801 685 538 365 192  70
4+7               --- --- --- --- --- --- --- --- 999 996 991 980 959 921 855 755 616 437 243  96
4+8               --- --- --- --- --- --- --- --- 999 998 995 989 975 947 895 810 684 505 296 125
4+9               --- --- --- --- --- --- --- --- --- 999 997 993 984 964 924 854 742 568 349 158
4+10              --- --- --- --- --- --- --- --- --- --- 999 996 990 976 945 889 791 625 401 194



